\par 55 AA 03 07 81 00 8A 98 00 00 00 00 00 00 00 00 00 00 00 00通道停止（去除）
\par 55 AA 03 07 80 02 8B 98 00 00 00 00 00 00 00 00 00 00 00 00设备刺激（去除）
\par 55 AA 03 07 81 03 8D 98 00 00 00 00 00 00 00 00 00 00 00 00正常工作（应为电流调节02）
\par 55 AA 03 08 82 0A 02 98 00 00 00 00 00 00 00 00 00 00 00 00  10min,100Hz（正确）
\par 55 AA 03 07 85 01 8F 98 00 00 00 00 00 00 00 00 00 00 00 00电流1档（应为界面上显示的强度值，即上一次治疗的强度）
\par 55 AA 03 07 81 03 8D 98 00 00 00 00 00 00 00 00 00 00 00 00正常工作（正确）

\par 55 AA 03 07 81 00 8A 98 00 00 00 00 00 00 00 00 00 00 00 00
\par 55 AA 03 07 80 02 8B 98 00 00 00 00 00 00 00 00 00 00 00 00
\par 55 AA 03 07 81 03 8D 98 00 00 00 00 00 00 00 00 00 00 00 00
\par 55 AA 03 08 82 0A 02 98 00 00 00 00 00 00 00 00 00 00 00 00
\par 55 AA 03 07 85 01 8F 98 00 00 00 00 00 00 00 00 00 00 00 00
\par 55 AA 03 07 81 03 8D 98 00 00 00 00 00 00 00 00 00 00 00 00


\par 55 AA 03 07 81 00 8A 98 00 00 00 00 00 00 00 00 00 00 00 00
\par 55 AA 03 07 80 02 8B 98 00 00 00 00 00 00 00 00 00 00 00 00
\par 55 AA 03 07 81 03 8D 98 00 00 00 00 00 00 00 00 00 00 00 00
\par 55 AA 03 08 82 0A 02 98 00 00 00 00 00 00 00 00 00 00 00 00
\par 55 AA 03 07 85 01 8F 98 00 00 00 00 00 00 00 00 00 00 00 00
\par 55 AA 03 07 81 03 8D 98 00 00 00 00 00 00 00 00 00 00 00 00

\par 55 AA 03 07 81 00 8A 98 00 00 00 00 00 00 00 00 00 00 00 00
\par 55 AA 03 07 80 02 8B 98 00 00 00 00 00 00 00 00 00 00 00 00
\par 55 AA 03 07 81 03 8D 98 00 00 00 00 00 00 00 00 00 00 00 00
\par 55 AA 03 08 82 0A 02 98 00 00 00 00 00 00 00 00 00 00 00 00
\par 55 AA 03 07 85 01 8F 98 00 00 00 00 00 00 00 00 00 00 00 00
\par 55 AA 03 07 81 03 8D 98 00 00 00 00 00 00 00 00 00 00 00 00

\par 55 AA 03 07 81 00 8A 98 00 00 00 00 00 00 00 00 00 00 00 00
\par 55 AA 03 07 80 02 8B 98 00 00 00 00 00 00 00 00 00 00 00 00
\par 55 AA 03 07 81 03 8D 98 00 00 00 00 00 00 00 00 00 00 00 00
\par 55 AA 03 08 82 0A 02 98 00 00 00 00 00 00 00 00 00 00 00 00
\par 55 AA 03 07 85 01 8F 98 00 00 00 00 00 00 00 00 00 00 00 00
\par 55 AA 03 07 81 03 8D 98 00 00 00 00 00 00 00 00 00 00 00 00

\par 55 AA 03 07 81 00 8A 98 00 00 00 00 00 00 00 00 00 00 00 00
\par 55 AA 03 07 80 02 8B 98 00 00 00 00 00 00 00 00 00 00 00 00
\par 55 AA 03 07 81 03 8D 98 00 00 00 00 00 00 00 00 00 00 00 00
\par 55 AA 03 08 82 0A 02 98 00 00 00 00 00 00 00 00 00 00 00 00
\par 55 AA 03 07 85 01 8F 98 00 00 00 00 00 00 00 00 00 00 00 00
\par 55 AA 03 07 81 03 8D 98 00 00 00 00 00 00 00 00 00 00 00 00

\par 
\par 
\par }
 